1 0
1 1
1 2
1 3
1 4
1 5
1 6
1 7
1 8
1 9
1 10
1 11
1 12
1 13
1 14
1 15
1 16
1 17
1 18
1 19
1 20
1 21
1 22
1 23
1 24
1 25
1 26
1 27
1 28
1 29
1 30
1 31
1 32
1 33
1 34
1 35
1 36
1 37
1 38
1 39
1 40
1 41
1 42
1 43
1 44
1 45
1 46
1 47
1 48
1 49
1 50
1 51
1 52
1 53
1 54
1 55
1 56
1 57
1 58
1 59
1 60
1 61
1 62
1 63
1 64
1 65
1 66
1 67
1 68
1 69
1 70
2 0
2 1
2 2
2 3
2 4
2 5
2 6
2 7
2 8
2 9
2 10
2 11
2 12
2 13
2 14
2 15
2 16
2 17
2 18
2 19
2 20
3 0
3 1
3 2
3 3
3 4
3 5
3 6
3 7
3 8
3 9
3 10
4 0
4 1
4 2
4 3
4 4
4 5
4 6
4 7
4 8
4 9
5 0
5 1
5 2
5 3
5 4
5 5
5 6
5 7
5 8
5 9
6 0
6 1
6 2
6 3
6 4
6 5
6 6
6 7
6 8
7 0
7 1
7 2
7 3
7 4
7 5
7 6
7 7
7 8
8 0
8 1
8 2
8 3
8 4
8 5
8 6
8 7
9 0
9 1
9 2
9 3
9 4
9 5
9 6
10 0
10 1
10 2
10 3
10 4
10 5
10 6
10 7
11 0
11 1
11 2
11 3
11 4
11 5
11 6
11 7
12 0
12 1
12 2
12 3
12 4
12 5
12 6
12 7
13 0
13 1
13 2
13 3
13 4
14 0
14 1
14 2
14 3
14 4
14 5
15 0
15 1
15 2
15 3
15 4
16 0
16 1
16 2
16 3
16 4
16 5
17 0
17 1
17 2
17 3
17 4
17 5
18 0
18 1
18 2
18 3
19 0
19 1
19 2
19 3
19 4
20 0
20 1
20 2
20 3
21 0
21 1
22 0
22 1
22 2
